002140360       3.00     0.07
002140389      27.00     0.07
002140424      27.00     0.08
002140446       3.00     0.10
002140491      27.00     0.07
002140493      81.00     0.05
002140538      81.00     0.05
002140552      81.00     0.05
002140561       9.00     0.10
002140601     243.00     0.07
002140621     243.00     0.05
002140642       3.00     0.10
002140644       3.00     0.06
002140651       3.00     0.08
002140686       9.00     0.08
002140780      27.00     0.09
002140782     243.00     0.07
002140807      81.00     0.06
002140841     243.00     0.05
002140862       9.00     0.05
002140897       3.00     0.06
002140909       9.00     0.06
002140937      81.00     0.07
002140955     243.00     0.08
002140982     243.00     0.09
002141003       9.00     0.08
002141150       9.00     0.09
002141152       3.00     0.07
002141175       3.00     0.10
002141179       9.00     0.08
002141193       3.00     0.07
002141255     243.00     0.05
002141318      27.00     0.09
002141339       9.00     0.10
002141385     243.00     0.08
002141387      81.00     0.05
002141401       3.00     0.10
002141413      27.00     0.09
002141436       9.00     0.09
002141466      81.00     0.06
002141544      81.00     0.08
002141652       9.00     0.10
002141655     243.00     0.10
002141658     243.00     0.07
002141692       3.00     0.10
002141697      27.00     0.05
002141736      81.00     0.08
002141746       9.00     0.05
002141753     243.00     0.06
002141781       9.00     0.05
002141783       3.00     0.07
002141787       9.00     0.07
002141812      27.00     0.06
002141852       3.00     0.05
002141865     243.00     0.06
002141927       3.00     0.05
002141928       9.00     0.09
002141932      81.00     0.05
002141938      81.00     0.05
002141950     243.00     0.10
002141959      27.00     0.06
002142026       3.00     0.08
002142052      27.00     0.07
002142070     243.00     0.07
002142074       3.00     0.08
002142080       3.00     0.05
002142091       3.00     0.06
002142095      27.00     0.08
002142111       3.00     0.05
002142183       9.00     0.06
002142186      81.00     0.06
002142191     243.00     0.05
002142244       9.00     0.05
002142272     243.00     0.10
002142279     243.00     0.05
002142280      81.00     0.07
002142372       3.00     0.07
002142405     243.00     0.08
002142433      81.00     0.09
002142451      81.00     0.10
002142490      27.00     0.08
002142501     243.00     0.08
002142508      81.00     0.09
002142522     243.00     0.09
002142575      81.00     0.06
002142628       9.00     0.09
002142633      27.00     0.05
002142657     243.00     0.06
002142663      81.00     0.06
002142669     243.00     0.07
002142675      81.00     0.07
002142730       3.00     0.09
002142733       9.00     0.06
002142778      27.00     0.08
002142913      27.00     0.06
002154965      27.00     0.09
002154980      27.00     0.10
002155012       9.00     0.07
002155064      27.00     0.09
002155080      27.00     0.07
002155148      27.00     0.07
002155156       3.00     0.05
002155220     243.00     0.09
002155278      81.00     0.08
002155343      81.00     0.10
002155467      81.00     0.10
002155506     243.00     0.05
002155869       9.00     0.08
002156061      81.00     0.07
002156069      27.00     0.09
002156072       9.00     0.05
002156074      81.00     0.08
002156089       3.00     0.09
002156121     243.00     0.07
002156123      27.00     0.08
002156155       3.00     0.06
002156178      27.00     0.07
002156245      27.00     0.07
002156343      27.00     0.09
002156404       3.00     0.08
002156425      81.00     0.10
002156435      81.00     0.06
002156488      27.00     0.10
002156490      81.00     0.05
002156514       9.00     0.07
002156529      81.00     0.08
002156537      27.00     0.05
002156545      81.00     0.09
002156550      27.00     0.05
002156581       9.00     0.07
002156669       3.00     0.07
002156685       3.00     0.06
002156693       3.00     0.09
002156718     243.00     0.07
002156720     243.00     0.06
002156733       9.00     0.06
002156757       9.00     0.05
002156782      81.00     0.09
002156807       9.00     0.07
002156809     243.00     0.06
002156839       3.00     0.09
002156848      81.00     0.07
002156879       9.00     0.09
002156906       9.00     0.08
002156933      81.00     0.05
002156939       9.00     0.09
002156965       3.00     0.07
002156988      27.00     0.05
002156992      27.00     0.10
002156998       9.00     0.05
002157008      27.00     0.08
002157024      81.00     0.06
002157059      81.00     0.08
002157135       3.00     0.10
002157184       3.00     0.06
002157192     243.00     0.07
002157208      27.00     0.08
002157213      81.00     0.10
002157247     243.00     0.08
002157290       3.00     0.07
002157305      27.00     0.08
002157356      81.00     0.05
002157418      27.00     0.09
002157428       9.00     0.09
002157489     243.00     0.10
002157495     243.00     0.06
002157508       9.00     0.07
002157519      27.00     0.10
002157524       3.00     0.06
002157526       9.00     0.06
002157600     243.00     0.06
002157602       9.00     0.08
002157630      81.00     0.06
002157650     243.00     0.06
002157676     243.00     0.06
002157725       3.00     0.06
002157759      27.00     0.06
002157776      27.00     0.05
002157788       9.00     0.07
002157841     243.00     0.08
002157901     243.00     0.07
002157905      27.00     0.08
002157928       3.00     0.10
002157948      27.00     0.09
002157949     243.00     0.07
002157953       9.00     0.09
002157964     243.00     0.05
002157979     243.00     0.05
002157986       9.00     0.08
002158027      81.00     0.05
002158047      27.00     0.10
002158059     243.00     0.09
002158067     243.00     0.08
002158076       9.00     0.07
002158190     243.00     0.06
002158208      81.00     0.05
002158221       9.00     0.05
002158237      27.00     0.06
002158238      81.00     0.06
002158278       3.00     0.10
002158336      27.00     0.06
002158352     243.00     0.10
002158410      81.00     0.09
002158433      27.00     0.10
002158460       9.00     0.05
002158534     243.00     0.10
002158543      27.00     0.07
002158548       3.00     0.08
002158566       3.00     0.06
002158641      81.00     0.07
002158750       9.00     0.05
002158770       3.00     0.09
002158781       9.00     0.05
002158815       9.00     0.10
002158850      27.00     0.08
002158868     243.00     0.10
002158882      81.00     0.06
002158923       3.00     0.06
002159018       3.00     0.10
002159033       3.00     0.07
002159073      81.00     0.07
002159129      27.00     0.05
002159132       9.00     0.06
002159257     243.00     0.10
002159290       9.00     0.06
002159320       3.00     0.09
002159370     243.00     0.10
002159377      81.00     0.05
002159447      27.00     0.09
002159449     243.00     0.10
002159486       9.00     0.09
002159499       9.00     0.10
002159674      81.00     0.06
002159700       9.00     0.08
002159713      81.00     0.10
002159728      27.00     0.08
002159751       9.00     0.10
002159783      27.00     0.09
002159823     243.00     0.09
002159834      81.00     0.06
002159842       3.00     0.09
002159852       9.00     0.05
002159864     243.00     0.10
002160105      81.00     0.05
002160161      81.00     0.10
002160275      81.00     0.05
002160289       3.00     0.09
002160553       3.00     0.07
002160572     243.00     0.05
002160685      27.00     0.07
002160771       9.00     0.10
002160779      27.00     0.06
002160809       9.00     0.05
002160839      27.00     0.08
002160857      81.00     0.08
002160901       3.00     0.08
002160910      81.00     0.10
002160919      81.00     0.08
002161017       3.00     0.07
002161064     243.00     0.07
002161177      81.00     0.06
002161250     243.00     0.06
002161283      81.00     0.06
002161393      27.00     0.08
002161400     243.00     0.07
002161407      81.00     0.07
002161409       3.00     0.07
002161463     243.00     0.07
002161515     243.00     0.05
002161532      81.00     0.10
002161536       3.00     0.08
002161569      27.00     0.06
002161623     243.00     0.06
002161648       9.00     0.10
002161731     243.00     0.10
002161831      81.00     0.06
002161864      81.00     0.06
002161949      81.00     0.06
002161974     243.00     0.09
002161984      27.00     0.05
002162064      81.00     0.07
002162070     243.00     0.09
002162073       9.00     0.07
002162103      81.00     0.05
002162142      27.00     0.08
002162160       9.00     0.06
002162241     243.00     0.07
002162268       3.00     0.05
002162283     243.00     0.06
002162333      81.00     0.09
002162355       9.00     0.05
002162377       3.00     0.09
002162435      27.00     0.06
002162486      81.00     0.08
002162543       9.00     0.10
002162635       3.00     0.09
002162673       9.00     0.10
002162721     243.00     0.08
002162904       9.00     0.05
002162907       9.00     0.10
002162994      27.00     0.05
002163052      81.00     0.10
002163101       9.00     0.08
002163121       9.00     0.08
002163201      27.00     0.05
002163223       3.00     0.06
002163226      81.00     0.07
002163301       9.00     0.10
002163326       9.00     0.10
002163351       9.00     0.08
002163434       9.00     0.08
002163444      27.00     0.05
002163457       3.00     0.09
002163489      27.00     0.05
002163554       9.00     0.08
002163597       3.00     0.08
002163605      27.00     0.08
002163610      27.00     0.06
002163612       9.00     0.09
002163634     243.00     0.07
002163636      81.00     0.06
002163644      27.00     0.07
002163666       3.00     0.08
002163706       9.00     0.08
002163708       9.00     0.10
002163798     243.00     0.10
002163808       3.00     0.05
002163829      81.00     0.08
002163856       9.00     0.06
002163875       9.00     0.05
002163894       3.00     0.07
002163896       3.00     0.06
002163926      27.00     0.05
002163940      81.00     0.06
002163957       3.00     0.05
002163982      81.00     0.10
002164021       9.00     0.09
002164031     243.00     0.09
002164035       3.00     0.07
002164066       3.00     0.10
002164105       9.00     0.07
002164117     243.00     0.05
002164123       3.00     0.09
002164157      81.00     0.06
002164165      27.00     0.09
002164169      81.00     0.08
002164190       9.00     0.07
002164213      81.00     0.06
002164227     243.00     0.07
002164232     243.00     0.10
002164262       9.00     0.06
002164327       3.00     0.06
002164332       3.00     0.05
002164379      27.00     0.05
002164488       9.00     0.10
002164522     243.00     0.07
002164598       3.00     0.10
002164604      81.00     0.07
002164654      81.00     0.09
002164688      81.00     0.08
002164726      81.00     0.06
002164739       9.00     0.07
002164772       9.00     0.07
002164790     243.00     0.06
002164791      27.00     0.05
002164834       9.00     0.07
002164874       9.00     0.06
002164884     243.00     0.06
002164930      81.00     0.08
002164951      27.00     0.09
002164995     243.00     0.08
002165002      27.00     0.06
002165066     243.00     0.08
002165095       3.00     0.06
002165181      27.00     0.05
002165188      27.00     0.05
002165198       9.00     0.06
002165271       3.00     0.07
002165352     243.00     0.10
002165356       9.00     0.07
002165357     243.00     0.07
002165371      27.00     0.05
002165440     243.00     0.06
002165450     243.00     0.05
002165469       3.00     0.06
002165478      81.00     0.08
002165516       9.00     0.08
002165531       9.00     0.09
002165554       9.00     0.08
002165574     243.00     0.09
002165589     243.00     0.08
002165615       9.00     0.06
002165710       9.00     0.09
002165718       9.00     0.07
002165722     243.00     0.09
002165742       9.00     0.10
002165744       3.00     0.10
002165797     243.00     0.08
002165801       9.00     0.07
002165811     243.00     0.06
002165867       3.00     0.08
002165871       9.00     0.06
002165874      81.00     0.08
002165892       9.00     0.09
002165894     243.00     0.09
002165942     243.00     0.08
002165983       3.00     0.08
002166071       3.00     0.09
002166119      81.00     0.07
002166152     243.00     0.10
002166200     243.00     0.07
002166206      27.00     0.09
002166209       9.00     0.06
002166218       9.00     0.09
002166223     243.00     0.10
002166231      27.00     0.09
002166291       9.00     0.05
002166322      81.00     0.06
002166332     243.00     0.08
002166336       3.00     0.10
002166339       3.00     0.09
002166352      27.00     0.06
002166371     243.00     0.06
002166393     243.00     0.10
002166515       9.00     0.09
002166534       9.00     0.09
002166547      27.00     0.08
002166579      81.00     0.05
002166590      81.00     0.05
002166594      27.00     0.06
002166605      81.00     0.05
002166620      81.00     0.10
002166632      81.00     0.05
002166709       3.00     0.05
002166766      81.00     0.09
002166769     243.00     0.08
002166773       9.00     0.06
002166774       9.00     0.06
002166860       9.00     0.07
002166874      27.00     0.05
002166915      27.00     0.05
002166920      27.00     0.08
002166932      81.00     0.07
002166940     243.00     0.08
002166962       3.00     0.06
002166970       3.00     0.08
002166973      81.00     0.08
002167000      27.00     0.10
002167039     243.00     0.08
002167056       3.00     0.05
002167058       9.00     0.07
002167062      81.00     0.05
002167098      27.00     0.08
002167128       3.00     0.07
002167151       9.00     0.05
002167183       9.00     0.09
002167198     243.00     0.07
002167260     243.00     0.05
002167272       3.00     0.06
002167334      27.00     0.09
002167351     243.00     0.07
002167385      81.00     0.07
002167392      27.00     0.10
002167437      81.00     0.06
002167439      27.00     0.07
002167444       9.00     0.05
002167447      27.00     0.06
002167468      81.00     0.09
002167501       3.00     0.06
002167548     243.00     0.06
002167555       9.00     0.09
002167587       9.00     0.10
002167600       3.00     0.05
002167648     243.00     0.05
002167663       3.00     0.06
002167693       9.00     0.07
002167696      81.00     0.05
002167728      81.00     0.06
002167743       9.00     0.07
002167774       3.00     0.06
002167783     243.00     0.07
002167841      81.00     0.07
002167890      81.00     0.07
002167920       9.00     0.10
002167997     243.00     0.07
002168184      27.00     0.09
002168263     243.00     0.08
002168321     243.00     0.06
002168333      27.00     0.07
002168387     243.00     0.05
002168417     243.00     0.09
002168420      81.00     0.09
002168461      27.00     0.05
002168508      27.00     0.10
002168638       3.00     0.09
002168649      27.00     0.06
